1,25
2,50
3,75
4,100
5,125
6,150
7,175
8,200
9,224
10,249
11,273
12,297
13,321
14,345
15,368
16,391
17,414
18,437
19,460
20,482
21,504
22,525
23,546
24,567
25,588
26,608
27,628
28,647
29,666
30,685
31,703
32,720
33,738
34,754
35,771
36,786
37,802
38,816
39,831
40,844
41,858
42,870
43,882
44,894
45,905
46,915
47,925
48,934
49,943
50,951
51,959
52,965
53,972
54,977
55,982
56,987
57,990
58,994
59,996
60,998
61,999
62,1000
63,1000
64,999
65,998
66,996
67,994
68,990
69,987
70,982
71,977
72,972
73,965
74,959
75,951
76,943
77,934
78,925
79,915
80,905
81,894
82,882
83,870
84,858
85,844
86,831
87,816
88,802
89,786
90,771
91,754
92,738
93,720
94,703
95,685
96,666
97,647
98,628
99,608
100,588
101,567
102,546
103,525
104,504
105,482
106,460
107,437
108,414
109,391
110,368
111,345
112,321
113,297
114,273
115,249
116,224
117,200
118,175
119,150
120,125
121,100
122,75
123,50
124,25
125,0
126,-25
127,-50
128,-75
129,-100
130,-125
131,-150
132,-175
133,-200
134,-224
135,-249
136,-273
137,-297
138,-321
139,-345
140,-368
141,-391
142,-414
143,-437
144,-460
145,-482
146,-504
147,-525
148,-546
149,-567
150,-588
151,-608
152,-628
153,-647
154,-666
155,-685
156,-703
157,-720
158,-738
159,-754
160,-771
161,-786
162,-802
163,-816
164,-831
165,-844
166,-858
167,-870
168,-882
169,-894
170,-905
171,-915
172,-925
173,-934
174,-943
175,-951
176,-959
177,-965
178,-972
179,-977
180,-982
181,-987
182,-990
183,-994
184,-996
185,-998
186,-999
187,-1000
188,-1000
189,-999
190,-998
191,-996
192,-994
193,-990
194,-987
195,-982
196,-977
197,-972
198,-965
199,-959
200,-951
201,-943
202,-934
203,-925
204,-915
205,-905
206,-894
207,-882
208,-870
209,-858
210,-844
211,-831
212,-816
213,-802
214,-786
215,-771
216,-754
217,-738
218,-720
219,-703
220,-685
221,-666
222,-647
223,-628
224,-608
225,-588
226,-567
227,-546
228,-525
229,-504
230,-482
231,-460
232,-437
233,-414
234,-391
235,-368
236,-345
237,-321
238,-297
239,-273
240,-249
241,-224
242,-200
243,-175
244,-150
245,-125
246,-100
247,-75
248,-50
249,-25
250,0
251,25
252,50
253,75
254,100
255,125
256,150
257,175
258,200
259,224
260,249
261,273
262,297
263,321
264,345
265,368
266,391
267,414
268,437
269,460
270,482
271,504
272,525
273,546
274,567
275,588
276,608
277,628
278,647
279,666
280,685
281,703
282,720
283,738
284,754
285,771
286,786
287,802
288,816
289,831
290,844
291,858
292,870
293,882
294,894
295,905
296,915
297,925
298,934
299,943
300,951
301,959
302,965
303,972
304,977
305,982
306,987
307,990
308,994
309,996
310,998
311,999
312,1000
313,1000
314,999
315,998
316,996
317,994
318,990
319,987
320,982
321,977
322,972
323,965
324,959
325,951
326,943
327,934
328,925
329,915
330,905
331,894
332,882
333,870
334,858
335,844
336,831
337,816
338,802
339,786
340,771
341,754
342,738
343,720
344,703
345,685
346,666
347,647
348,628
349,608
350,588
351,567
352,546
353,525
354,504
355,482
356,460
357,437
358,414
359,391
360,368
361,345
362,321
363,297
364,273
365,249
366,224
367,200
368,175
369,150
370,125
371,100
372,75
373,50
374,25
375,0
376,-25
377,-50
378,-75
379,-100
380,-125
381,-150
382,-175
383,-200
384,-224
385,-249
386,-273
387,-297
388,-321
389,-345
390,-368
391,-391
392,-414
393,-437
394,-460
395,-482
396,-504
397,-525
398,-546
399,-567
400,-588
401,-608
402,-628
403,-647
404,-666
405,-685
406,-703
407,-720
408,-738
409,-754
410,-771
411,-786
412,-802
413,-816
414,-831
415,-844
416,-858
417,-870
418,-882
419,-894
420,-905
421,-915
422,-925
423,-934
424,-943
425,-951
426,-959
427,-965
428,-972
429,-977
430,-982
431,-987
432,-990
433,-994
434,-996
435,-998
436,-999
437,-1000
438,-1000
439,-999
440,-998
441,-996
442,-994
443,-990
444,-987
445,-982
446,-977
447,-972
448,-965
449,-959
450,-951
451,-943
452,-934
453,-925
454,-915
455,-905
456,-894
457,-882
458,-870
459,-858
460,-844
461,-831
462,-816
463,-802
464,-786
465,-771
466,-754
467,-738
468,-720
469,-703
470,-685
471,-666
472,-647
473,-628
474,-608
475,-588
476,-567
477,-546
478,-525
479,-504
480,-482
481,-460
482,-437
483,-414
484,-391
485,-368
486,-345
487,-321
488,-297
489,-273
490,-249
491,-224
492,-200
493,-175
494,-150
495,-125
496,-100
497,-75
498,-50
499,-25
500,0
501,25
502,50
503,75
504,100
505,125
506,150
507,175
508,200
509,224
510,249
511,273
512,297
513,321
514,345
515,368
516,391
517,414
518,437
519,460
520,482
521,504
522,525
523,546
524,567
525,588
526,608
527,628
528,647
529,666
530,685
531,703
532,720
533,738
534,754
535,771
536,786
537,802
538,816
539,831
540,844
541,858
542,870
543,882
544,894
545,905
546,915
547,925
548,934
549,943
550,951
551,959
552,965
553,972
554,977
555,982
556,987
557,990
558,994
559,996
560,998
561,999
562,1000
563,1000
564,999
565,998
566,996
567,994
568,990
569,987
570,982
571,977
572,972
573,965
574,959
575,951
576,943
577,934
578,925
579,915
580,905
581,894
582,882
583,870
584,858
585,844
586,831
587,816
588,802
589,786
590,771
591,754
592,738
593,720
594,703
595,685
596,666
597,647
598,628
599,608
600,588
601,567
602,546
603,525
604,504
605,482
606,460
607,437
608,414
609,391
610,368
611,345
612,321
613,297
614,273
615,249
616,224
617,200
618,175
619,150
620,125
621,100
622,75
623,50
624,25
625,0
626,-25
627,-50
628,-75
629,-100
630,-125
631,-150
632,-175
633,-200
634,-224
635,-249
636,-273
637,-297
638,-321
639,-345
640,-368
641,-391
642,-414
643,-437
644,-460
645,-482
646,-504
647,-525
648,-546
649,-567
650,-588
651,-608
652,-628
653,-647
654,-666
655,-685
656,-703
657,-720
658,-738
659,-754
660,-771
661,-786
662,-802
663,-816
664,-831
665,-844
666,-858
667,-870
668,-882
669,-894
670,-905
671,-915
672,-925
673,-934
674,-943
675,-951
676,-959
677,-965
678,-972
679,-977
680,-982
681,-987
682,-990
683,-994
684,-996
685,-998
686,-999
687,-1000
688,-1000
689,-999
690,-998
691,-996
692,-994
693,-990
694,-987
695,-982
696,-977
697,-972
698,-965
699,-959
700,-951
701,-943
702,-934
703,-925
704,-915
705,-905
706,-894
707,-882
708,-870
709,-858
710,-844
711,-831
712,-816
713,-802
714,-786
715,-771
716,-754
717,-738
718,-720
719,-703
720,-685
721,-666
722,-647
723,-628
724,-608
725,-588
726,-567
727,-546
728,-525
729,-504
730,-482
731,-460
732,-437
733,-414
734,-391
735,-368
736,-345
737,-321
738,-297
739,-273
740,-249
741,-224
742,-200
743,-175
744,-150
745,-125
746,-100
747,-75
748,-50
749,-25
750,0
751,25
752,50
753,75
754,100
755,125
756,150
757,175
758,200
759,224
760,249
761,273
762,297
763,321
764,345
765,368
766,391
767,414
768,437
769,460
770,482
771,504
772,525
773,546
774,567
775,588
776,608
777,628
778,647
779,666
780,685
781,703
782,720
783,738
784,754
785,771
786,786
787,802
788,816
789,831
790,844
791,858
792,870
793,882
794,894
795,905
796,915
797,925
798,934
799,943
800,951
801,959
802,965
803,972
804,977
805,982
806,987
807,990
808,994
809,996
810,998
811,999
812,1000
813,1000
814,999
815,998
816,996
817,994
818,990
819,987
820,982
821,977
822,972
823,965
824,959
825,951
826,943
827,934
828,925
829,915
830,905
831,894
832,882
833,870
834,858
835,844
836,831
837,816
838,802
839,786
840,771
841,754
842,738
843,720
844,703
845,685
846,666
847,647
848,628
849,608
850,588
851,567
852,546
853,525
854,504
855,482
856,460
857,437
858,414
859,391
860,368
861,345
862,321
863,297
864,273
865,249
866,224
867,200
868,175
869,150
870,125
871,100
872,75
873,50
874,25
875,0
876,-25
877,-50
878,-75
879,-100
880,-125
881,-150
882,-175
883,-200
884,-224
885,-249
886,-273
887,-297
888,-321
889,-345
890,-368
891,-391
892,-414
893,-437
894,-460
895,-482
896,-504
897,-525
898,-546
899,-567
900,-588
901,-608
902,-628
903,-647
904,-666
905,-685
906,-703
907,-720
908,-738
909,-754
910,-771
911,-786
912,-802
913,-816
914,-831
915,-844
916,-858
917,-870
918,-882
919,-894
920,-905
921,-915
922,-925
923,-934
924,-943
925,-951
926,-959
927,-965
928,-972
929,-977
930,-982
931,-987
932,-990
933,-994
934,-996
935,-998
936,-999
937,-1000
938,-1000
939,-999
940,-998
941,-996
942,-994
943,-990
944,-987
945,-982
946,-977
947,-972
948,-965
949,-959
950,-951
951,-943
952,-934
953,-925
954,-915
955,-905
956,-894
957,-882
958,-870
959,-858
960,-844
961,-831
962,-816
963,-802
964,-786
965,-771
966,-754
967,-738
968,-720
969,-703
970,-685
971,-666
972,-647
973,-628
974,-608
975,-588
976,-567
977,-546
978,-525
979,-504
980,-482
981,-460
982,-437
983,-414
984,-391
985,-368
986,-345
987,-321
988,-297
989,-273
990,-249
991,-224
992,-200
993,-175
994,-150
995,-125
996,-100
997,-75
998,-50
999,-25
1000,0
1001,25
1002,50
1003,75
1004,100
1005,125
1006,150
1007,175
1008,200
1009,224
1010,249
1011,273
1012,297
1013,321
1014,345
1015,368
1016,391
1017,414
1018,437
1019,460
1020,482
1021,504
1022,525
1023,546
1024,567
1025,588
1026,608
1027,628
1028,647
1029,666
1030,685
1031,703
1032,720
1033,738
1034,754
1035,771
1036,786
1037,802
1038,816
1039,831
1040,844
1041,858
1042,870
1043,882
1044,894
1045,905
1046,915
1047,925
1048,934
1049,943
1050,951
1051,959
1052,965
1053,972
1054,977
1055,982
1056,987
1057,990
1058,994
1059,996
1060,998
1061,999
1062,1000
1063,1000
1064,999
1065,998
1066,996
1067,994
1068,990
1069,987
1070,982
1071,977
1072,972
1073,965
1074,959
1075,951
1076,943
1077,934
1078,925
1079,915
1080,905
1081,894
1082,882
1083,870
1084,858
1085,844
1086,831
1087,816
1088,802
1089,786
1090,771
1091,754
1092,738
1093,720
1094,703
1095,685
1096,666
1097,647
1098,628
1099,608
1100,588
1101,567
1102,546
1103,525
1104,504
1105,482
1106,460
1107,437
1108,414
1109,391
1110,368
1111,345
1112,321
1113,297
1114,273
1115,249
1116,224
1117,200
1118,175
1119,150
1120,125
1121,100
1122,75
1123,50
1124,25
1125,0
1126,-25
1127,-50
1128,-75
1129,-100
1130,-125
1131,-150
1132,-175
1133,-200
1134,-224
1135,-249
1136,-273
1137,-297
1138,-321
1139,-345
1140,-368
1141,-391
1142,-414
1143,-437
1144,-460
1145,-482
1146,-504
1147,-525
1148,-546
1149,-567
1150,-588
1151,-608
1152,-628
1153,-647
1154,-666
1155,-685
1156,-703
1157,-720
1158,-738
1159,-754
1160,-771
1161,-786
1162,-802
1163,-816
1164,-831
1165,-844
1166,-858
1167,-870
1168,-882
1169,-894
1170,-905
1171,-915
1172,-925
1173,-934
1174,-943
1175,-951
1176,-959
1177,-965
1178,-972
1179,-977
1180,-982
1181,-987
1182,-990
1183,-994
1184,-996
1185,-998
1186,-999
1187,-1000
1188,-1000
1189,-999
1190,-998
1191,-996
1192,-994
1193,-990
1194,-987
1195,-982
1196,-977
1197,-972
1198,-965
1199,-959
1200,-951
1201,-943
1202,-934
1203,-925
1204,-915
1205,-905
1206,-894
1207,-882
1208,-870
1209,-858
1210,-844
1211,-831
1212,-816
1213,-802
1214,-786
1215,-771
1216,-754
1217,-738
1218,-720
1219,-703
1220,-685
1221,-666
1222,-647
1223,-628
1224,-608
1225,-588
1226,-567
1227,-546
1228,-525
1229,-504
1230,-482
1231,-460
1232,-437
1233,-414
1234,-391
1235,-368
1236,-345
1237,-321
1238,-297
1239,-273
1240,-249
1241,-224
1242,-200
1243,-175
1244,-150
1245,-125
1246,-100
1247,-75
1248,-50
1249,-25
1250,0
1251,25
1252,50
1253,75
1254,100
1255,125
1256,150
1257,175
1258,200
1259,224
1260,249
1261,273
1262,297
1263,321
1264,345
1265,368
1266,391
1267,414
1268,437
1269,460
1270,482
1271,504
1272,525
1273,546
1274,567
1275,588
1276,608
1277,628
1278,647
1279,666
1280,685
1281,703
1282,720
1283,738
1284,754
1285,771
1286,786
1287,802
1288,816
1289,831
1290,844
1291,858
1292,870
1293,882
1294,894
1295,905
1296,915
1297,925
1298,934
1299,943
1300,951
1301,959
1302,965
1303,972
1304,977
1305,982
1306,987
1307,990
1308,994
1309,996
1310,998
1311,999
1312,1000
1313,1000
1314,999
1315,998
1316,996
1317,994
1318,990
1319,987
1320,982
1321,977
1322,972
1323,965
1324,959
1325,951
1326,943
1327,934
1328,925
1329,915
1330,905
1331,894
1332,882
1333,870
1334,858
1335,844
1336,831
1337,816
1338,802
1339,786
1340,771
1341,754
1342,738
1343,720
1344,703
1345,685
1346,666
1347,647
1348,628
1349,608
1350,588
1351,567
1352,546
1353,525
1354,504
1355,482
1356,460
1357,437
1358,414
1359,391
1360,368
1361,345
1362,321
1363,297
1364,273
1365,249
1366,224
1367,200
1368,175
1369,150
1370,125
1371,100
1372,75
1373,50
1374,25
1375,0
1376,-25
1377,-50
1378,-75
1379,-100
1380,-125
1381,-150
1382,-175
1383,-200
1384,-224
1385,-249
1386,-273
1387,-297
1388,-321
1389,-345
1390,-368
1391,-391
1392,-414
1393,-437
1394,-460
1395,-482
1396,-504
1397,-525
1398,-546
1399,-567
1400,-588
1401,-608
1402,-628
1403,-647
1404,-666
1405,-685
1406,-703
1407,-720
1408,-738
1409,-754
1410,-771
1411,-786
1412,-802
1413,-816
1414,-831
1415,-844
1416,-858
1417,-870
1418,-882
1419,-894
1420,-905
1421,-915
1422,-925
1423,-934
1424,-943
1425,-951
1426,-959
1427,-965
1428,-972
1429,-977
1430,-982
1431,-987
1432,-990
1433,-994
1434,-996
1435,-998
1436,-999
1437,-1000
1438,-1000
1439,-999
1440,-998
1441,-996
1442,-994
1443,-990
1444,-987
1445,-982
1446,-977
1447,-972
1448,-965
1449,-959
1450,-951
1451,-943
1452,-934
1453,-925
1454,-915
1455,-905
1456,-894
1457,-882
1458,-870
1459,-858
1460,-844
1461,-831
1462,-816
1463,-802
1464,-786
1465,-771
1466,-754
1467,-738
1468,-720
1469,-703
1470,-685
1471,-666
1472,-647
1473,-628
1474,-608
1475,-588
1476,-567
1477,-546
1478,-525
1479,-504
1480,-482
1481,-460
1482,-437
1483,-414
1484,-391
1485,-368
1486,-345
1487,-321
1488,-297
1489,-273
1490,-249
1491,-224
1492,-200
1493,-175
1494,-150
1495,-125
1496,-100
1497,-75
1498,-50
1499,-25
1500,0
1501,25
1502,50
1503,75
1504,100
1505,125
1506,150
1507,175
1508,200
1509,224
1510,249
1511,273
1512,297
1513,321
1514,345
1515,368
1516,391
1517,414
1518,437
1519,460
1520,482
1521,504
1522,525
1523,546
1524,567
1525,588
1526,608
1527,628
1528,647
1529,666
1530,685
1531,703
1532,720
1533,738
1534,754
1535,771
1536,786
1537,802
1538,816
1539,831
1540,844
1541,858
1542,870
1543,882
1544,894
1545,905
1546,915
1547,925
1548,934
1549,943
1550,951
1551,959
1552,965
1553,972
1554,977
1555,982
1556,987
1557,990
1558,994
1559,996
1560,998
1561,999
1562,1000
1563,1000
1564,999
1565,998
1566,996
1567,994
1568,990
1569,987
1570,982
1571,977
1572,972
1573,965
1574,959
1575,951
1576,943
1577,934
1578,925
1579,915
1580,905
1581,894
1582,882
1583,870
1584,858
1585,844
1586,831
1587,816
1588,802
1589,786
1590,771
1591,754
1592,738
1593,720
1594,703
1595,685
1596,666
1597,647
1598,628
1599,608
1600,588
1601,567
1602,546
1603,525
1604,504
1605,482
1606,460
1607,437
1608,414
1609,391
1610,368
1611,345
1612,321
1613,297
1614,273
1615,249
1616,224
1617,200
1618,175
1619,150
1620,125
1621,100
1622,75
1623,50
1624,25
1625,0
1626,-25
1627,-50
1628,-75
1629,-100
1630,-125
1631,-150
1632,-175
1633,-200
1634,-224
1635,-249
1636,-273
1637,-297
1638,-321
1639,-345
1640,-368
1641,-391
1642,-414
1643,-437
1644,-460
1645,-482
1646,-504
1647,-525
1648,-546
1649,-567
1650,-588
1651,-608
1652,-628
1653,-647
1654,-666
1655,-685
1656,-703
1657,-720
1658,-738
1659,-754
1660,-771
1661,-786
1662,-802
1663,-816
1664,-831
1665,-844
1666,-858
1667,-870
1668,-882
1669,-894
1670,-905
1671,-915
1672,-925
1673,-934
1674,-943
1675,-951
1676,-959
1677,-965
1678,-972
1679,-977
1680,-982
1681,-987
1682,-990
1683,-994
1684,-996
1685,-998
1686,-999
1687,-1000
1688,-1000
1689,-999
1690,-998
1691,-996
1692,-994
1693,-990
1694,-987
1695,-982
1696,-977
1697,-972
1698,-965
1699,-959
1700,-951
1701,-943
1702,-934
1703,-925
1704,-915
1705,-905
1706,-894
1707,-882
1708,-870
1709,-858
1710,-844
1711,-831
1712,-816
1713,-802
1714,-786
1715,-771
1716,-754
1717,-738
1718,-720
1719,-703
1720,-685
1721,-666
1722,-647
1723,-628
1724,-608
1725,-588
1726,-567
1727,-546
1728,-525
1729,-504
1730,-482
1731,-460
1732,-437
1733,-414
1734,-391
1735,-368
1736,-345
1737,-321
1738,-297
1739,-273
1740,-249
1741,-224
1742,-200
1743,-175
1744,-150
1745,-125
1746,-100
1747,-75
1748,-50
1749,-25
1750,0
1751,25
1752,50
1753,75
1754,100
1755,125
1756,150
1757,175
1758,200
1759,224
1760,249
1761,273
1762,297
1763,321
1764,345
1765,368
1766,391
1767,414
1768,437
1769,460
1770,482
1771,504
1772,525
1773,546
1774,567
1775,588
1776,608
1777,628
1778,647
1779,666
1780,685
1781,703
1782,720
1783,738
1784,754
1785,771
1786,786
1787,802
1788,816
1789,831
1790,844
1791,858
1792,870
1793,882
1794,894
1795,905
1796,915
1797,925
1798,934
1799,943
1800,951
1801,959
1802,965
1803,972
1804,977
1805,982
1806,987
1807,990
1808,994
1809,996
1810,998
1811,999
1812,1000
1813,1000
1814,999
1815,998
1816,996
1817,994
1818,990
1819,987
1820,982
1821,977
1822,972
1823,965
1824,959
1825,951
1826,943
1827,934
1828,925
1829,915
1830,905
1831,894
1832,882
1833,870
1834,858
1835,844
1836,831
1837,816
1838,802
1839,786
1840,771
1841,754
1842,738
1843,720
1844,703
1845,685
1846,666
1847,647
1848,628
1849,608
1850,588
1851,567
1852,546
1853,525
1854,504
1855,482
1856,460
1857,437
1858,414
1859,391
1860,368
1861,345
1862,321
1863,297
1864,273
1865,249
1866,224
1867,200
1868,175
1869,150
1870,125
1871,100
1872,75
1873,50
1874,25
1875,0
1876,-25
1877,-50
1878,-75
1879,-100
1880,-125
1881,-150
1882,-175
1883,-200
1884,-224
1885,-249
1886,-273
1887,-297
1888,-321
1889,-345
1890,-368
1891,-391
1892,-414
1893,-437
1894,-460
1895,-482
1896,-504
1897,-525
1898,-546
1899,-567
1900,-588
1901,-608
1902,-628
1903,-647
1904,-666
1905,-685
1906,-703
1907,-720
1908,-738
1909,-754
1910,-771
1911,-786
1912,-802
1913,-816
1914,-831
1915,-844
1916,-858
1917,-870
1918,-882
1919,-894
1920,-905
1921,-915
1922,-925
1923,-934
1924,-943
1925,-951
1926,-959
1927,-965
1928,-972
1929,-977
1930,-982
1931,-987
1932,-990
1933,-994
1934,-996
1935,-998
1936,-999
1937,-1000
1938,-1000
1939,-999
1940,-998
1941,-996
1942,-994
1943,-990
1944,-987
1945,-982
1946,-977
1947,-972
1948,-965
1949,-959
1950,-951
1951,-943
1952,-934
1953,-925
1954,-915
1955,-905
1956,-894
1957,-882
1958,-870
1959,-858
1960,-844
1961,-831
1962,-816
1963,-802
1964,-786
1965,-771
1966,-754
1967,-738
1968,-720
1969,-703
1970,-685
1971,-666
1972,-647
1973,-628
1974,-608
1975,-588
1976,-567
1977,-546
1978,-525
1979,-504
1980,-482
1981,-460
1982,-437
1983,-414
1984,-391
1985,-368
1986,-345
1987,-321
1988,-297
1989,-273
1990,-249
1991,-224
1992,-200
1993,-175
1994,-150
1995,-125
1996,-100
1997,-75
1998,-50
1999,-25
2000,0
2001,25
2002,50
2003,75
2004,100
2005,125
2006,150
2007,175
2008,200
2009,224
2010,249
2011,273
2012,297
2013,321
2014,345
2015,368
2016,391
2017,414
2018,437
2019,460
2020,482
2021,504
2022,525
2023,546
2024,567
2025,588
2026,608
2027,628
2028,647
2029,666
2030,685
2031,703
2032,720
2033,738
2034,754
2035,771
2036,786
2037,802
2038,816
2039,831
2040,844
2041,858
2042,870
2043,882
2044,894
2045,905
2046,915
2047,925
2048,934
2049,943
2050,951
2051,959
2052,965
2053,972
2054,977
2055,982
2056,987
2057,990
2058,994
2059,996
2060,998
2061,999
2062,1000
2063,1000
2064,999
2065,998
2066,996
2067,994
2068,990
2069,987
2070,982
2071,977
2072,972
2073,965
2074,959
2075,951
2076,943
2077,934
2078,925
2079,915
2080,905
2081,894
2082,882
2083,870
2084,858
2085,844
2086,831
2087,816
2088,802
2089,786
2090,771
2091,754
2092,738
2093,720
2094,703
2095,685
2096,666
2097,647
2098,628
2099,608
2100,588
2101,567
2102,546
2103,525
2104,504
2105,482
2106,460
2107,437
2108,414
2109,391
2110,368
2111,345
2112,321
2113,297
2114,273
2115,249
2116,224
2117,200
2118,175
2119,150
2120,125
2121,100
2122,75
2123,50
2124,25
2125,0
2126,-25
2127,-50
2128,-75
2129,-100
2130,-125
2131,-150
2132,-175
2133,-200
2134,-224
2135,-249
2136,-273
2137,-297
2138,-321
2139,-345
2140,-368
2141,-391
2142,-414
2143,-437
2144,-460
2145,-482
2146,-504
2147,-525
2148,-546
2149,-567
2150,-588
2151,-608
2152,-628
2153,-647
2154,-666
2155,-685
2156,-703
2157,-720
2158,-738
2159,-754
2160,-771
2161,-786
2162,-802
2163,-816
2164,-831
2165,-844
2166,-858
2167,-870
2168,-882
2169,-894
2170,-905
2171,-915
2172,-925
2173,-934
2174,-943
2175,-951
2176,-959
2177,-965
2178,-972
2179,-977
2180,-982
2181,-987
2182,-990
2183,-994
2184,-996
2185,-998
2186,-999
2187,-1000
2188,-1000
2189,-999
2190,-998
2191,-996
2192,-994
2193,-990
2194,-987
2195,-982
2196,-977
2197,-972
2198,-965
2199,-959
2200,-951
2201,-943
2202,-934
2203,-925
2204,-915
2205,-905
2206,-894
2207,-882
2208,-870
2209,-858
2210,-844
2211,-831
2212,-816
2213,-802
2214,-786
2215,-771
2216,-754
2217,-738
2218,-720
2219,-703
2220,-685
2221,-666
2222,-647
2223,-628
2224,-608
2225,-588
2226,-567
2227,-546
2228,-525
2229,-504
2230,-482
2231,-460
2232,-437
2233,-414
2234,-391
2235,-368
2236,-345
2237,-321
2238,-297
2239,-273
2240,-249
2241,-224
2242,-200
2243,-175
2244,-150
2245,-125
2246,-100
2247,-75
2248,-50
2249,-25
2250,0
2251,25
2252,50
2253,75
2254,100
2255,125
2256,150
2257,175
2258,200
2259,224
2260,249
2261,273
2262,297
2263,321
2264,345
2265,368
2266,391
2267,414
2268,437
2269,460
2270,482
2271,504
2272,525
2273,546
2274,567
2275,588
2276,608
2277,628
2278,647
2279,666
2280,685
2281,703
2282,720
2283,738
2284,754
2285,771
2286,786
2287,802
2288,816
2289,831
2290,844
2291,858
2292,870
2293,882
2294,894
2295,905
2296,915
2297,925
2298,934
2299,943
2300,951
2301,959
2302,965
2303,972
2304,977
2305,982
2306,987
2307,990
2308,994
2309,996
2310,998
2311,999
2312,1000
2313,1000
2314,999
2315,998
2316,996
2317,994
2318,990
2319,987
2320,982
2321,977
2322,972
2323,965
2324,959
2325,951
2326,943
2327,934
2328,925
2329,915
2330,905
2331,894
2332,882
2333,870
2334,858
2335,844
2336,831
2337,816
2338,802
2339,786
2340,771
2341,754
2342,738
2343,720
2344,703
2345,685
2346,666
2347,647
2348,628
2349,608
2350,588
2351,567
2352,546
2353,525
2354,504
2355,482
2356,460
2357,437
2358,414
2359,391
2360,368
2361,345
2362,321
2363,297
2364,273
2365,249
2366,224
2367,200
2368,175
2369,150
2370,125
2371,100
2372,75
2373,50
2374,25
2375,0
2376,-25
2377,-50
2378,-75
2379,-100
2380,-125
2381,-150
2382,-175
2383,-200
2384,-224
2385,-249
2386,-273
2387,-297
2388,-321
2389,-345
2390,-368
2391,-391
2392,-414
2393,-437
2394,-460
2395,-482
2396,-504
2397,-525
2398,-546
2399,-567
2400,-588
2401,-608
2402,-628
2403,-647
2404,-666
2405,-685
2406,-703
2407,-720
2408,-738
2409,-754
2410,-771
2411,-786
2412,-802
2413,-816
2414,-831
2415,-844
2416,-858
2417,-870
2418,-882
2419,-894
2420,-905
2421,-915
2422,-925
2423,-934
2424,-943
2425,-951
2426,-959
2427,-965
2428,-972
2429,-977
2430,-982
2431,-987
2432,-990
2433,-994
2434,-996
2435,-998
2436,-999
2437,-1000
2438,-1000
2439,-999
2440,-998
2441,-996
2442,-994
2443,-990
2444,-987
2445,-982
2446,-977
2447,-972
2448,-965
2449,-959
2450,-951
2451,-943
2452,-934
2453,-925
2454,-915
2455,-905
2456,-894
2457,-882
2458,-870
2459,-858
2460,-844
2461,-831
2462,-816
2463,-802
2464,-786
2465,-771
2466,-754
2467,-738
2468,-720
2469,-703
2470,-685
2471,-666
2472,-647
2473,-628
2474,-608
2475,-588
2476,-567
2477,-546
2478,-525
2479,-504
2480,-482
2481,-460
2482,-437
2483,-414
2484,-391
2485,-368
2486,-345
2487,-321
2488,-297
2489,-273
2490,-249
2491,-224
2492,-200
2493,-175
2494,-150
2495,-125
2496,-100
2497,-75
2498,-50
2499,-25
2500,0
2501,25
2502,50
2503,75
2504,100
2505,125
2506,150
2507,175
2508,200
2509,224
2510,249
2511,273
2512,297
2513,321
2514,345
2515,368
2516,391
2517,414
2518,437
2519,460
2520,482
2521,504
2522,525
2523,546
2524,567
2525,588
2526,608
2527,628
2528,647
2529,666
2530,685
2531,703
2532,720
2533,738
2534,754
2535,771
2536,786
2537,802
2538,816
2539,831
2540,844
2541,858
2542,870
2543,882
2544,894
2545,905
2546,915
2547,925
2548,934
2549,943
2550,951
2551,959
2552,965
2553,972
2554,977
2555,982
2556,987
2557,990
2558,994
2559,996
2560,998
2561,999
2562,1000
2563,1000
2564,999
2565,998
2566,996
2567,994
2568,990
2569,987
2570,982
2571,977
2572,972
2573,965
2574,959
2575,951
2576,943
2577,934
2578,925
2579,915
2580,905
2581,894
2582,882
2583,870
2584,858
2585,844
2586,831
2587,816
2588,802
2589,786
2590,771
2591,754
2592,738
2593,720
2594,703
2595,685
2596,666
2597,647
2598,628
2599,608
2600,588
2601,567
2602,546
2603,525
2604,504
2605,482
2606,460
2607,437
2608,414
2609,391
2610,368
2611,345
2612,321
2613,297
2614,273
2615,249
2616,224
2617,200
2618,175
2619,150
2620,125
2621,100
2622,75
2623,50
2624,25
2625,0
2626,-25
2627,-50
2628,-75
2629,-100
2630,-125
2631,-150
2632,-175
2633,-200
2634,-224
2635,-249
2636,-273
2637,-297
2638,-321
2639,-345
2640,-368
2641,-391
2642,-414
2643,-437
2644,-460
2645,-482
2646,-504
2647,-525
2648,-546
2649,-567
2650,-588
2651,-608
2652,-628
2653,-647
2654,-666
2655,-685
2656,-703
2657,-720
2658,-738
2659,-754
2660,-771
2661,-786
2662,-802
2663,-816
2664,-831
2665,-844
2666,-858
2667,-870
2668,-882
2669,-894
2670,-905
2671,-915
2672,-925
2673,-934
2674,-943
2675,-951
2676,-959
2677,-965
2678,-972
2679,-977
2680,-982
2681,-987
2682,-990
2683,-994
2684,-996
2685,-998
2686,-999
2687,-1000
2688,-1000
2689,-999
2690,-998
2691,-996
2692,-994
2693,-990
2694,-987
2695,-982
2696,-977
2697,-972
2698,-965
2699,-959
2700,-951
2701,-943
2702,-934
2703,-925
2704,-915
2705,-905
2706,-894
2707,-882
2708,-870
2709,-858
2710,-844
2711,-831
2712,-816
2713,-802
2714,-786
2715,-771
2716,-754
2717,-738
2718,-720
2719,-703
2720,-685
2721,-666
2722,-647
2723,-628
2724,-608
2725,-588
2726,-567
2727,-546
2728,-525
2729,-504
2730,-482
2731,-460
2732,-437
2733,-414
2734,-391
2735,-368
2736,-345
2737,-321
2738,-297
2739,-273
2740,-249
2741,-224
2742,-200
2743,-175
2744,-150
2745,-125
2746,-100
2747,-75
2748,-50
2749,-25
2750,0
2751,25
2752,50
2753,75
2754,100
2755,125
2756,150
2757,175
2758,200
2759,224
2760,249
2761,273
2762,297
2763,321
2764,345
2765,368
2766,391
2767,414
2768,437
2769,460
2770,482
2771,504
2772,525
2773,546
2774,567
2775,588
2776,608
2777,628
2778,647
2779,666
2780,685
2781,703
2782,720
2783,738
2784,754
2785,771
2786,786
2787,802
2788,816
2789,831
2790,844
2791,858
2792,870
2793,882
2794,894
2795,905
2796,915
2797,925
2798,934
2799,943
2800,951
2801,959
2802,965
2803,972
2804,977
2805,982
2806,987
2807,990
2808,994
2809,996
2810,998
2811,999
2812,1000
2813,1000
2814,999
2815,998
2816,996
2817,994
2818,990
2819,987
2820,982
2821,977
2822,972
2823,965
2824,959
2825,951
2826,943
2827,934
2828,925
2829,915
2830,905
2831,894
2832,882
2833,870
2834,858
2835,844
2836,831
2837,816
2838,802
2839,786
2840,771
2841,754
2842,738
2843,720
2844,703
2845,685
2846,666
2847,647
2848,628
2849,608
2850,588
2851,567
2852,546
2853,525
2854,504
2855,482
2856,460
2857,437
2858,414
2859,391
2860,368
2861,345
2862,321
2863,297
2864,273
2865,249
2866,224
2867,200
2868,175
2869,150
2870,125
2871,100
2872,75
2873,50
2874,25
2875,0
2876,-25
2877,-50
2878,-75
2879,-100
2880,-125
2881,-150
2882,-175
2883,-200
2884,-224
2885,-249
2886,-273
2887,-297
2888,-321
2889,-345
2890,-368
2891,-391
2892,-414
2893,-437
2894,-460
2895,-482
2896,-504
2897,-525
2898,-546
2899,-567
2900,-588
2901,-608
2902,-628
2903,-647
2904,-666
2905,-685
2906,-703
2907,-720
2908,-738
2909,-754
2910,-771
2911,-786
2912,-802
2913,-816
2914,-831
2915,-844
2916,-858
2917,-870
2918,-882
2919,-894
2920,-905
2921,-915
2922,-925
2923,-934
2924,-943
2925,-951
2926,-959
2927,-965
2928,-972
2929,-977
2930,-982
2931,-987
2932,-990
2933,-994
2934,-996
2935,-998
2936,-999
2937,-1000
2938,-1000
2939,-999
2940,-998
2941,-996
2942,-994
2943,-990
2944,-987
2945,-982
2946,-977
2947,-972
2948,-965
2949,-959
2950,-951
2951,-943
2952,-934
2953,-925
2954,-915
2955,-905
2956,-894
2957,-882
2958,-870
2959,-858
2960,-844
2961,-831
2962,-816
2963,-802
2964,-786
2965,-771
2966,-754
2967,-738
2968,-720
2969,-703
2970,-685
2971,-666
2972,-647
2973,-628
2974,-608
2975,-588
2976,-567
2977,-546
2978,-525
2979,-504
2980,-482
2981,-460
2982,-437
2983,-414
2984,-391
2985,-368
2986,-345
2987,-321
2988,-297
2989,-273
2990,-249
2991,-224
2992,-200
2993,-175
2994,-150
2995,-125
2996,-100
2997,-75
2998,-50
2999,-25
3000,0
3001,25
3002,50
3003,75
3004,100
3005,125
3006,150
3007,175
3008,200
3009,224
3010,249
3011,273
3012,297
3013,321
3014,345
3015,368
3016,391
3017,414
3018,437
3019,460
3020,482
3021,504
3022,525
3023,546
3024,567
3025,588
3026,608
3027,628
3028,647
3029,666
3030,685
3031,703
3032,720
3033,738
3034,754
3035,771
3036,786
3037,802
3038,816
3039,831
3040,844
3041,858
3042,870
3043,882
3044,894
3045,905
3046,915
3047,925
3048,934
3049,943
3050,951
3051,959
3052,965
3053,972
3054,977
3055,982
3056,987
3057,990
3058,994
3059,996
3060,998
3061,999
3062,1000
3063,1000
3064,999
3065,998
3066,996
3067,994
3068,990
3069,987
3070,982
3071,977
3072,972
3073,965
3074,959
3075,951
3076,943
3077,934
3078,925
3079,915
3080,905
3081,894
3082,882
3083,870
3084,858
3085,844
3086,831
3087,816
3088,802
3089,786
3090,771
3091,754
3092,738
3093,720
3094,703
3095,685
3096,666
3097,647
3098,628
3099,608
3100,588
3101,567
3102,546
3103,525
3104,504
3105,482
3106,460
3107,437
3108,414
3109,391
3110,368
3111,345
3112,321
3113,297
3114,273
3115,249
3116,224
3117,200
3118,175
3119,150
3120,125
3121,100
3122,75
3123,50
3124,25
3125,0
3126,-25
3127,-50
3128,-75
3129,-100
3130,-125
3131,-150
3132,-175
3133,-200
3134,-224
3135,-249
3136,-273
3137,-297
3138,-321
3139,-345
3140,-368
3141,-391
3142,-414
3143,-437
3144,-460
3145,-482
3146,-504
3147,-525
3148,-546
3149,-567
3150,-588
3151,-608
3152,-628
3153,-647
3154,-666
3155,-685
3156,-703
3157,-720
3158,-738
3159,-754
3160,-771
3161,-786
3162,-802
3163,-816
3164,-831
3165,-844
3166,-858
3167,-870
3168,-882
3169,-894
3170,-905
3171,-915
3172,-925
3173,-934
3174,-943
3175,-951
3176,-959
3177,-965
3178,-972
3179,-977
3180,-982
3181,-987
3182,-990
3183,-994
3184,-996
3185,-998
3186,-999
3187,-1000
3188,-1000
3189,-999
3190,-998
3191,-996
3192,-994
3193,-990
3194,-987
3195,-982
3196,-977
3197,-972
3198,-965
3199,-959
3200,-951
3201,-943
3202,-934
3203,-925
3204,-915
3205,-905
3206,-894
3207,-882
3208,-870
3209,-858
3210,-844
3211,-831
3212,-816
3213,-802
3214,-786
3215,-771
3216,-754
3217,-738
3218,-720
3219,-703
3220,-685
3221,-666
3222,-647
3223,-628
3224,-608
3225,-588
3226,-567
3227,-546
3228,-525
3229,-504
3230,-482
3231,-460
3232,-437
3233,-414
3234,-391
3235,-368
3236,-345
3237,-321
3238,-297
3239,-273
3240,-249
3241,-224
3242,-200
3243,-175
3244,-150
3245,-125
3246,-100
3247,-75
3248,-50
3249,-25
3250,0
3251,25
3252,50
3253,75
3254,100
3255,125
3256,150
3257,175
3258,200
3259,224
3260,249
3261,273
3262,297
3263,321
3264,345
3265,368
3266,391
3267,414
3268,437
3269,460
3270,482
3271,504
3272,525
3273,546
3274,567
3275,588
3276,608
3277,628
3278,647
3279,666
3280,685
3281,703
3282,720
3283,738
3284,754
3285,771
3286,786
3287,802
3288,816
3289,831
3290,844
3291,858
3292,870
3293,882
3294,894
3295,905
3296,915
3297,925
3298,934
3299,943
3300,951
3301,959
3302,965
3303,972
3304,977
3305,982
3306,987
3307,990
3308,994
3309,996
3310,998
3311,999
3312,1000
3313,1000
3314,999
3315,998
3316,996
3317,994
3318,990
3319,987
3320,982
3321,977
3322,972
3323,965
3324,959
3325,951
3326,943
3327,934
3328,925
3329,915
3330,905
3331,894
3332,882
3333,870
3334,858
3335,844
3336,831
3337,816
3338,802
3339,786
3340,771
3341,754
3342,738
3343,720
3344,703
3345,685
3346,666
3347,647
3348,628
3349,608
3350,588
3351,567
3352,546
3353,525
3354,504
3355,482
3356,460
3357,437
3358,414
3359,391
3360,368
3361,345
3362,321
3363,297
3364,273
3365,249
3366,224
3367,200
3368,175
3369,150
3370,125
3371,100
3372,75
3373,50
3374,25
3375,0
3376,-25
3377,-50
3378,-75
3379,-100
3380,-125
3381,-150
3382,-175
3383,-200
3384,-224
3385,-249
3386,-273
3387,-297
3388,-321
3389,-345
3390,-368
3391,-391
3392,-414
3393,-437
3394,-460
3395,-482
3396,-504
3397,-525
3398,-546
3399,-567
3400,-588
3401,-608
3402,-628
3403,-647
3404,-666
3405,-685
3406,-703
3407,-720
3408,-738
3409,-754
3410,-771
3411,-786
3412,-802
3413,-816
3414,-831
3415,-844
3416,-858
3417,-870
3418,-882
3419,-894
3420,-905
3421,-915
3422,-925
3423,-934
3424,-943
3425,-951
3426,-959
3427,-965
3428,-972
3429,-977
3430,-982
3431,-987
3432,-990
3433,-994
3434,-996
3435,-998
3436,-999
3437,-1000
3438,-1000
3439,-999
3440,-998
3441,-996
3442,-994
3443,-990
3444,-987
3445,-982
3446,-977
3447,-972
3448,-965
3449,-959
3450,-951
3451,-943
3452,-934
3453,-925
3454,-915
3455,-905
3456,-894
3457,-882
3458,-870
3459,-858
3460,-844
3461,-831
3462,-816
3463,-802
3464,-786
3465,-771
3466,-754
3467,-738
3468,-720
3469,-703
3470,-685
3471,-666
3472,-647
3473,-628
3474,-608
3475,-588
3476,-567
3477,-546
3478,-525
3479,-504
3480,-482
3481,-460
3482,-437
3483,-414
3484,-391
3485,-368
3486,-345
3487,-321
3488,-297
3489,-273
3490,-249
3491,-224
3492,-200
3493,-175
3494,-150
3495,-125
3496,-100
3497,-75
3498,-50
3499,-25
3500,0
3501,25
3502,50
3503,75
3504,100
3505,125
3506,150
3507,175
3508,200
3509,224
3510,249
3511,273
3512,297
3513,321
3514,345
3515,368
3516,391
3517,414
3518,437
3519,460
3520,482
3521,504
3522,525
3523,546
3524,567
3525,588
3526,608
3527,628
3528,647
3529,666
3530,685
3531,703
3532,720
3533,738
3534,754
3535,771
3536,786
3537,802
3538,816
3539,831
3540,844
3541,858
3542,870
3543,882
3544,894
3545,905
3546,915
3547,925
3548,934
3549,943
3550,951
3551,959
3552,965
3553,972
3554,977
3555,982
3556,987
3557,990
3558,994
3559,996
3560,998
3561,999
3562,1000
3563,1000
3564,999
3565,998
3566,996
3567,994
3568,990
3569,987
3570,982
3571,977
3572,972
3573,965
3574,959
3575,951
3576,943
3577,934
3578,925
3579,915
3580,905
3581,894
3582,882
3583,870
3584,858
3585,844
3586,831
3587,816
3588,802
3589,786
3590,771
3591,754
3592,738
3593,720
3594,703
3595,685
3596,666
3597,647
3598,628
3599,608
3600,588
3601,567
3602,546
3603,525
3604,504
3605,482
3606,460
3607,437
3608,414
3609,391
3610,368
3611,345
3612,321
3613,297
3614,273
3615,249
3616,224
3617,200
3618,175
3619,150
3620,125
3621,100
3622,75
3623,50
3624,25
3625,0
3626,-25
3627,-50
3628,-75
3629,-100
3630,-125
3631,-150
3632,-175
3633,-200
3634,-224
3635,-249
3636,-273
3637,-297
3638,-321
3639,-345
3640,-368
3641,-391
3642,-414
3643,-437
3644,-460
3645,-482
3646,-504
3647,-525
3648,-546
3649,-567
3650,-588
3651,-608
3652,-628
3653,-647
3654,-666
3655,-685
3656,-703
3657,-720
3658,-738
3659,-754
3660,-771
3661,-786
3662,-802
3663,-816
3664,-831
3665,-844
3666,-858
3667,-870
3668,-882
3669,-894
3670,-905
3671,-915
3672,-925
3673,-934
3674,-943
3675,-951
3676,-959
3677,-965
3678,-972
3679,-977
3680,-982
3681,-987
3682,-990
3683,-994
3684,-996
3685,-998
3686,-999
3687,-1000
3688,-1000
3689,-999
3690,-998
3691,-996
3692,-994
3693,-990
3694,-987
3695,-982
3696,-977
3697,-972
3698,-965
3699,-959
3700,-951
3701,-943
3702,-934
3703,-925
3704,-915
3705,-905
3706,-894
3707,-882
3708,-870
3709,-858
3710,-844
3711,-831
3712,-816
3713,-802
3714,-786
3715,-771
3716,-754
3717,-738
3718,-720
3719,-703
3720,-685
3721,-666
3722,-647
3723,-628
3724,-608
3725,-588
3726,-567
3727,-546
3728,-525
3729,-504
3730,-482
3731,-460
3732,-437
3733,-414
3734,-391
3735,-368
3736,-345
3737,-321
3738,-297
3739,-273
3740,-249
3741,-224
3742,-200
3743,-175
3744,-150
3745,-125
3746,-100
3747,-75
3748,-50
3749,-25
3750,0
3751,25
3752,50
3753,75
3754,100
3755,125
3756,150
3757,175
3758,200
3759,224
3760,249
3761,273
3762,297
3763,321
3764,345
3765,368
3766,391
3767,414
3768,437
3769,460
3770,482
3771,504
3772,525
3773,546
3774,567
3775,588
3776,608
3777,628
3778,647
3779,666
3780,685
3781,703
3782,720
3783,738
3784,754
3785,771
3786,786
3787,802
3788,816
3789,831
3790,844
3791,858
3792,870
3793,882
3794,894
3795,905
3796,915
3797,925
3798,934
3799,943
3800,951
3801,959
3802,965
3803,972
3804,977
3805,982
3806,987
3807,990
3808,994
3809,996
3810,998
3811,999
3812,1000
3813,1000
3814,999
3815,998
3816,996
3817,994
3818,990
3819,987
3820,982
3821,977
3822,972
3823,965
3824,959
3825,951
3826,943
3827,934
3828,925
3829,915
3830,905
3831,894
3832,882
3833,870
3834,858
3835,844
3836,831
3837,816
3838,802
3839,786
3840,771
3841,754
3842,738
3843,720
3844,703
3845,685
3846,666
3847,647
3848,628
3849,608
3850,588
3851,567
3852,546
3853,525
3854,504
3855,482
3856,460
3857,437
3858,414
3859,391
3860,368
3861,345
3862,321
3863,297
3864,273
3865,249
3866,224
3867,200
3868,175
3869,150
3870,125
3871,100
3872,75
3873,50
3874,25
3875,0
3876,-25
3877,-50
3878,-75
3879,-100
3880,-125
3881,-150
3882,-175
3883,-200
3884,-224
3885,-249
3886,-273
3887,-297
3888,-321
3889,-345
3890,-368
3891,-391
3892,-414
3893,-437
3894,-460
3895,-482
3896,-504
3897,-525
3898,-546
3899,-567
3900,-588
3901,-608
3902,-628
3903,-647
3904,-666
3905,-685
3906,-703
3907,-720
3908,-738
3909,-754
3910,-771
3911,-786
3912,-802
3913,-816
3914,-831
3915,-844
3916,-858
3917,-870
3918,-882
3919,-894
3920,-905
3921,-915
3922,-925
3923,-934
3924,-943
3925,-951
3926,-959
3927,-965
3928,-972
3929,-977
3930,-982
3931,-987
3932,-990
3933,-994
3934,-996
3935,-998
3936,-999
3937,-1000
3938,-1000
3939,-999
3940,-998
3941,-996
3942,-994
3943,-990
3944,-987
3945,-982
3946,-977
3947,-972
3948,-965
3949,-959
3950,-951
3951,-943
3952,-934
3953,-925
3954,-915
3955,-905
3956,-894
3957,-882
3958,-870
3959,-858
3960,-844
3961,-831
3962,-816
3963,-802
3964,-786
3965,-771
3966,-754
3967,-738
3968,-720
3969,-703
3970,-685
3971,-666
3972,-647
3973,-628
3974,-608
3975,-588
3976,-567
3977,-546
3978,-525
3979,-504
3980,-482
3981,-460
3982,-437
3983,-414
3984,-391
3985,-368
3986,-345
3987,-321
3988,-297
3989,-273
3990,-249
3991,-224
3992,-200
3993,-175
3994,-150
3995,-125
3996,-100
3997,-75
3998,-50
3999,-25
4000,0
4001,25
4002,50
4003,75
4004,100
4005,125
4006,150
4007,175
4008,200
4009,224
4010,249
4011,273
4012,297
4013,321
4014,345
4015,368
4016,391
4017,414
4018,437
4019,460
4020,482
4021,504
4022,525
4023,546
4024,567
4025,588
4026,608
4027,628
4028,647
4029,666
4030,685
4031,703
4032,720
4033,738
4034,754
4035,771
4036,786
4037,802
4038,816
4039,831
4040,844
4041,858
4042,870
4043,882
4044,894
4045,905
4046,915
4047,925
4048,934
4049,943
4050,951
4051,959
4052,965
4053,972
4054,977
4055,982
4056,987
4057,990
4058,994
4059,996
4060,998
4061,999
4062,1000
4063,1000
4064,999
4065,998
4066,996
4067,994
4068,990
4069,987
4070,982
4071,977
4072,972
4073,965
4074,959
4075,951
4076,943
4077,934
4078,925
4079,915
4080,905
4081,894
4082,882
4083,870
4084,858
4085,844
4086,831
4087,816
4088,802
4089,786
4090,771
4091,754
4092,738
4093,720
4094,703
4095,685
4096,666
4097,647
4098,628
4099,608
4100,588
4101,567
4102,546
4103,525
4104,504
4105,482
4106,460
4107,437
4108,414
4109,391
4110,368
4111,345
4112,321
4113,297
4114,273
4115,249
4116,224
4117,200
4118,175
4119,150
4120,125
4121,100
4122,75
4123,50
4124,25
4125,0
4126,-25
4127,-50
4128,-75
4129,-100
4130,-125
4131,-150
4132,-175
4133,-200
4134,-224
4135,-249
4136,-273
4137,-297
4138,-321
4139,-345
4140,-368
4141,-391
4142,-414
4143,-437
4144,-460
4145,-482
4146,-504
4147,-525
4148,-546
4149,-567
4150,-588
4151,-608
4152,-628
4153,-647
4154,-666
4155,-685
4156,-703
4157,-720
4158,-738
4159,-754
4160,-771
4161,-786
4162,-802
4163,-816
4164,-831
4165,-844
4166,-858
4167,-870
4168,-882
4169,-894
4170,-905
4171,-915
4172,-925
4173,-934
4174,-943
4175,-951
4176,-959
4177,-965
4178,-972
4179,-977
4180,-982
4181,-987
4182,-990
4183,-994
4184,-996
4185,-998
4186,-999
4187,-1000
4188,-1000
4189,-999
4190,-998
4191,-996
4192,-994
4193,-990
4194,-987
4195,-982
4196,-977
4197,-972
4198,-965
4199,-959
4200,-951
4201,-943
4202,-934
4203,-925
4204,-915
4205,-905
4206,-894
4207,-882
4208,-870
4209,-858
4210,-844
4211,-831
4212,-816
4213,-802
4214,-786
4215,-771
4216,-754
4217,-738
4218,-720
4219,-703
4220,-685
4221,-666
4222,-647
4223,-628
4224,-608
4225,-588
4226,-567
4227,-546
4228,-525
4229,-504
4230,-482
4231,-460
4232,-437
4233,-414
4234,-391
4235,-368
4236,-345
4237,-321
4238,-297
4239,-273
4240,-249
4241,-224
4242,-200
4243,-175
4244,-150
4245,-125
4246,-100
4247,-75
4248,-50
4249,-25
4250,0
4251,25
4252,50
4253,75
4254,100
4255,125
4256,150
4257,175
4258,200
4259,224
4260,249
4261,273
4262,297
4263,321
4264,345
4265,368
4266,391
4267,414
4268,437
4269,460
4270,482
4271,504
4272,525
4273,546
4274,567
4275,588
4276,608
4277,628
4278,647
4279,666
4280,685
4281,703
4282,720
4283,738
4284,754
4285,771
4286,786
4287,802
4288,816
4289,831
4290,844
4291,858
4292,870
4293,882
4294,894
4295,905
4296,915
4297,925
4298,934
4299,943
4300,951
4301,959
4302,965
4303,972
4304,977
4305,982
4306,987
4307,990
4308,994
4309,996
4310,998
4311,999
4312,1000
4313,1000
4314,999
4315,998
4316,996
4317,994
4318,990
4319,987
4320,982
4321,977
4322,972
4323,965
4324,959
4325,951
4326,943
4327,934
4328,925
4329,915
4330,905
4331,894
4332,882
4333,870
4334,858
4335,844
4336,831
4337,816
4338,802
4339,786
4340,771
4341,754
4342,738
4343,720
4344,703
4345,685
4346,666
4347,647
4348,628
4349,608
4350,588
4351,567
4352,546
4353,525
4354,504
4355,482
4356,460
4357,437
4358,414
4359,391
4360,368
4361,345
4362,321
4363,297
4364,273
4365,249
4366,224
4367,200
4368,175
4369,150
4370,125
4371,100
4372,75
4373,50
4374,25
4375,0
4376,-25
4377,-50
4378,-75
4379,-100
4380,-125
4381,-150
4382,-175
4383,-200
4384,-224
4385,-249
4386,-273
4387,-297
4388,-321
4389,-345
4390,-368
4391,-391
4392,-414
4393,-437
4394,-460
4395,-482
4396,-504
4397,-525
4398,-546
4399,-567
4400,-588
4401,-608
4402,-628
4403,-647
4404,-666
4405,-685
4406,-703
4407,-720
4408,-738
4409,-754
4410,-771
4411,-786
4412,-802
4413,-816
4414,-831
4415,-844
4416,-858
4417,-870
4418,-882
4419,-894
4420,-905
4421,-915
4422,-925
4423,-934
4424,-943
4425,-951
4426,-959
4427,-965
4428,-972
4429,-977
4430,-982
4431,-987
4432,-990
4433,-994
4434,-996
4435,-998
4436,-999
4437,-1000
4438,-1000
4439,-999
4440,-998
4441,-996
4442,-994
4443,-990
4444,-987
4445,-982
4446,-977
4447,-972
4448,-965
4449,-959
4450,-951
4451,-943
4452,-934
4453,-925
4454,-915
4455,-905
4456,-894
4457,-882
4458,-870
4459,-858
4460,-844
4461,-831
4462,-816
4463,-802
4464,-786
4465,-771
4466,-754
4467,-738
4468,-720
4469,-703
4470,-685
4471,-666
4472,-647
4473,-628
4474,-608
4475,-588
4476,-567
4477,-546
4478,-525
4479,-504
4480,-482
4481,-460
4482,-437
4483,-414
4484,-391
4485,-368
4486,-345
4487,-321
4488,-297
4489,-273
4490,-249
4491,-224
4492,-200
4493,-175
4494,-150
4495,-125
4496,-100
4497,-75
4498,-50
4499,-25
4500,0
4501,25
4502,50
4503,75
4504,100
4505,125
4506,150
4507,175
4508,200
4509,224
4510,249
4511,273
4512,297
4513,321
4514,345
4515,368
4516,391
4517,414
4518,437
4519,460
4520,482
4521,504
4522,525
4523,546
4524,567
4525,588
4526,608
4527,628
4528,647
4529,666
4530,685
4531,703
4532,720
4533,738
4534,754
4535,771
4536,786
4537,802
4538,816
4539,831
4540,844
4541,858
4542,870
4543,882
4544,894
4545,905
4546,915
4547,925
4548,934
4549,943
4550,951
4551,959
4552,965
4553,972
4554,977
4555,982
4556,987
4557,990
4558,994
4559,996
4560,998
4561,999
4562,1000
4563,1000
4564,999
4565,998
4566,996
4567,994
4568,990
4569,987
4570,982
4571,977
4572,972
4573,965
4574,959
4575,951
4576,943
4577,934
4578,925
4579,915
4580,905
4581,894
4582,882
4583,870
4584,858
4585,844
4586,831
4587,816
4588,802
4589,786
4590,771
4591,754
4592,738
4593,720
4594,703
4595,685
4596,666
4597,647
4598,628
4599,608
4600,588
4601,567
4602,546
4603,525
4604,504
4605,482
4606,460
4607,437
4608,414
4609,391
4610,368
4611,345
4612,321
4613,297
4614,273
4615,249
4616,224
4617,200
4618,175
4619,150
4620,125
4621,100
4622,75
4623,50
4624,25
4625,0
4626,-25
4627,-50
4628,-75
4629,-100
4630,-125
4631,-150
4632,-175
4633,-200
4634,-224
4635,-249
4636,-273
4637,-297
4638,-321
4639,-345
4640,-368
4641,-391
4642,-414
4643,-437
4644,-460
4645,-482
4646,-504
4647,-525
4648,-546
4649,-567
4650,-588
4651,-608
4652,-628
4653,-647
4654,-666
4655,-685
4656,-703
4657,-720
4658,-738
4659,-754
4660,-771
4661,-786
4662,-802
4663,-816
4664,-831
4665,-844
4666,-858
4667,-870
4668,-882
4669,-894
4670,-905
4671,-915
4672,-925
4673,-934
4674,-943
4675,-951
4676,-959
4677,-965
4678,-972
4679,-977
4680,-982
4681,-987
4682,-990
4683,-994
4684,-996
4685,-998
4686,-999
4687,-1000
4688,-1000
4689,-999
4690,-998
4691,-996
4692,-994
4693,-990
4694,-987
4695,-982
4696,-977
4697,-972
4698,-965
4699,-959
4700,-951
4701,-943
4702,-934
4703,-925
4704,-915
4705,-905
4706,-894
4707,-882
4708,-870
4709,-858
4710,-844
4711,-831
4712,-816
4713,-802
4714,-786
4715,-771
4716,-754
4717,-738
4718,-720
4719,-703
4720,-685
4721,-666
4722,-647
4723,-628
4724,-608
4725,-588
4726,-567
4727,-546
4728,-525
4729,-504
4730,-482
4731,-460
4732,-437
4733,-414
4734,-391
4735,-368
4736,-345
4737,-321
4738,-297
4739,-273
4740,-249
4741,-224
4742,-200
4743,-175
4744,-150
4745,-125
4746,-100
4747,-75
4748,-50
4749,-25
4750,0
4751,25
4752,50
4753,75
4754,100
4755,125
4756,150
4757,175
4758,200
4759,224
4760,249
4761,273
4762,297
4763,321
4764,345
4765,368
4766,391
4767,414
4768,437
4769,460
4770,482
4771,504
4772,525
4773,546
4774,567
4775,588
4776,608
4777,628
4778,647
4779,666
4780,685
4781,703
4782,720
4783,738
4784,754
4785,771
4786,786
4787,802
4788,816
4789,831
4790,844
4791,858
4792,870
4793,882
4794,894
4795,905
4796,915
4797,925
4798,934
4799,943
4800,951
4801,959
4802,965
4803,972
4804,977
4805,982
4806,987
4807,990
4808,994
4809,996
4810,998
4811,999
4812,1000
4813,1000
4814,999
4815,998
4816,996
4817,994
4818,990
4819,987
4820,982
4821,977
4822,972
4823,965
4824,959
4825,951
4826,943
4827,934
4828,925
4829,915
4830,905
4831,894
4832,882
4833,870
4834,858
4835,844
4836,831
4837,816
4838,802
4839,786
4840,771
4841,754
4842,738
4843,720
4844,703
4845,685
4846,666
4847,647
4848,628
4849,608
4850,588
4851,567
4852,546
4853,525
4854,504
4855,482
4856,460
4857,437
4858,414
4859,391
4860,368
4861,345
4862,321
4863,297
4864,273
4865,249
4866,224
4867,200
4868,175
4869,150
4870,125
4871,100
4872,75
4873,50
4874,25
4875,0
4876,-25
4877,-50
4878,-75
4879,-100
4880,-125
4881,-150
4882,-175
4883,-200
4884,-224
4885,-249
4886,-273
4887,-297
